1 [2, 2, 0, 4, 3, 5]
2 [2, 2, 0, 4, 6, 5]
3 [2, 2, 0, 5, 3, 5]
4 [4, 7, 0, 7, 6, 9]
5 [6, 7, 0, 7, 6, 7]
6 [6, 7, 0, 7, 6, 9]
7 [7, 7, 0, 5, 6, 9]
8 [7, 7, 0, 6, 6, 3]
9 [7, 7, 0, 7, 6, 3]
10 [7, 7, 0, 7, 6, 9]
11 [7, 7, 0, 8, 5, 8]
12 [7, 7, 0, 8, 6, 9]
13 [7, 7, 0, 9, 5, 8]
14 [8, 3, 0, 7, 6, 9]
15 [8, 5, 0, 7, 7, 7]
16 [8, 6, 0, 7, 6, 7]
17 [8, 6, 7, 6, 6, 9]
18 [8, 6, 7, 7, 6, 7]
19 [8, 6, 7, 7, 6, 9]
20 [8, 7, 0, 1, 6, 7]
21 [8, 7, 0, 3, 6, 8]
22 [8, 7, 0, 6, 6, 7]
23 [8, 7, 0, 6, 6, 10]
24 [8, 7, 0, 6, 6, 12]
25 [8, 7, 0, 7, 5, 7]
26 [8, 7, 0, 7, 6, 6]
27 [8, 7, 0, 7, 6, 7]
28 [8, 7, 0, 7, 6, 8]
29 [8, 7, 0, 7, 6, 9]
30 [8, 7, 0, 7, 6, 10]
31 [8, 7, 0, 7, 7, 9]
32 [8, 7, 0, 8, 6, 7]
33 [8, 7, 0, 8, 6, 8]
34 [8, 7, 0, 8, 6, 9]
35 [8, 7, 0, 8, 7, 9]
36 [8, 7, 8, 7, 6, 7]
37 [8, 7, 8, 7, 6, 9]
38 [8, 7, 9, 7, 6, 7]
39 [8, 8, 0, 7, 6, 9]
40 [8, 12, 0, 7, 6, 7]
41 [9, 5, 0, 4, 12, 7]
42 [9, 5, 0, 7, 12, 7]
43 [9, 7, 0, 7, 6, 7]
44 [9, 7, 0, 7, 6, 9]
45 [9, 8, 0, 7, 6, 6]
46 [10, 5, 0, 6, 13, 7]
47 [10, 5, 0, 7, 11, 7]
48 [10, 5, 0, 7, 13, 7]
49 [10, 6, 0, 8, 7, 8]
50 [8, 7, 0, 1, 14, 9]
51 [8, 7, 0, 1, 15, 9]
52 [8, 7, 0, 2, 5, 9]
53 [8, 7, 0, 6, 6, 9]
54 [8, 7, 0, 3, 6, 9]
55 [8, 6, 0, 7, 6, 9]
56 [8, 5, 0, 7, 6, 9]
57 [8, 7, 0, 7, 15, 9]
58 [8, 7, 0, 7, 9, 9]
59 [9, 5, 0, 5, 6, 9]
60 [8, 7, 0, 7, 6, 3]
61 [8, 7, 0, 7, 6, 2]
62 [10, 7, 0, 7, 6, 5]
63 [10, 7, 0, 7, 6, 7]
64 [9, 7, 0, 7, 6, 6]
65 [12, 7, 0, 7, 6, 7]
66 [9, 7, 8, 7, 6, 5]
67 [8, 6, 7, 7, 6, 1]
68 [7, 7, 0, 1, 15, 8]
69 [8, 6, 0, 8, 6, 7]
70 [7, 6, 0, 7, 6, 8]
71 [4, 7, 0, 6, 6, 9]
72 [4, 7, 0, 7, 6, 7]
73 [7, 7, 0, 7, 6, 10]
74 [7, 8, 0, 7, 7, 10]
75 [8, 5, 0, 2, 6, 2]
76 [8, 6, 0, 7, 6, 6]
77 [8, 6, 0, 7, 7, 7]
78 [8, 7, 0, 5, 6, 7]
79 [8, 9, 0, 7, 6, 8]
80 [8, 9, 0, 7, 6, 9]
81 [9, 6, 7, 7, 5, 9]
82 [9, 7, 0, 6, 5, 7]
83 [9, 7, 0, 9, 7, 11]
84 [9, 7, 8, 7, 6, 6]
85 [12, 7, 0, 7, 6, 9]
86 [9, 5, 0, 7, 12, 9]
87 [1, 2, 0, 11, 2, 2]
88 [2, 1, 0, 4, 5, 5]
89 [3, 1, 0, 2, 2, 2]
90 [7, 6, 0, 5, 6, 9]
91 [7, 6, 0, 7, 6, 7]
92 [7, 6, 0, 7, 6, 9]
93 [7, 6, 0, 8, 6, 9]
94 [7, 7, 0, 7, 5, 10]
95 [7, 7, 0, 7, 6, 7]
96 [7, 7, 0, 7, 6, 8]
97 [7, 7, 8, 7, 6, 9]
98 [7, 7, 8, 8, 6, 8]
99 [7, 8, 0, 8, 6, 8]
100 [7, 8, 0, 8, 7, 9]
101 [8, 5, 0, 7, 6, 7]
102 [8, 5, 7, 6, 6, 7]
103 [8, 5, 7, 7, 6, 7]
104 [8, 6, 0, 7, 6, 10]
105 [8, 6, 7, 6, 6, 11]
106 [8, 6, 7, 7, 6, 6]
107 [8, 6, 7, 7, 6, 8]
108 [8, 7, 0, 4, 5, 9]
109 [8, 7, 0, 6, 5, 7]
110 [8, 7, 0, 6, 6, 11]
111 [8, 7, 0, 7, 3, 7]
112 [8, 7, 0, 7, 5, 6]
113 [8, 7, 0, 7, 5, 9]
114 [8, 7, 0, 7, 6, 4]
115 [8, 7, 0, 7, 7, 6]
116 [8, 7, 0, 7, 7, 8]
117 [8, 7, 8, 7, 7, 9]
118 [8, 7, 8, 8, 6, 7]
119 [8, 8, 0, 7, 5, 9]
120 [8, 8, 0, 7, 6, 7]
121 [8, 8, 0, 7, 7, 7]
122 [8, 8, 0, 7, 7, 9]
123 [8, 8, 0, 8, 6, 9]
124 [9, 6, 7, 7, 6, 9]
125 [9, 7, 0, 7, 6, 10]
126 [10, 7, 0, 7, 6, 6]
127 [10, 8, 0, 7, 7, 8]
128 [5, 7, 0, 7, 6, 7]
129 [8, 7, 0, 7, 13, 7]
130 [7, 6, 0, 6, 6, 9]
131 [3, 7, 0, 7, 6, 9]
132 [6, 6, 0, 6, 6, 9]
133 [7, 6, 0, 5, 6, 8]
134 [7, 6, 0, 6, 5, 9]
135 [7, 6, 0, 6, 6, 8]
136 [7, 6, 0, 7, 5, 9]
137 [7, 6, 0, 7, 6, 10]
138 [7, 6, 7, 7, 5, 8]
139 [7, 7, 0, 6, 6, 9]
140 [7, 7, 0, 7, 5, 8]
141 [7, 7, 0, 8, 6, 8]
142 [7, 7, 8, 8, 6, 9]
143 [8, 7, 0, 5, 6, 9]
144 [8, 7, 8, 7, 5, 9]
145 [8, 7, 8, 7, 6, 10]
146 [9, 6, 0, 7, 6, 5]
147 [9, 7, 0, 3, 6, 9]
148 [10, 5, 0, 7, 12, 8]
149 [10, 7, 0, 6, 7, 9]
150 [1, 2, 0, 7, 2, 2]
151 [7, 6, 0, 3, 6, 9]
152 [7, 6, 0, 8, 6, 8]
153 [8, 7, 0, 6, 8, 9]
154 [8, 7, 0, 7, 6, 12]
155 [8, 8, 0, 8, 6, 8]
156 [8, 7, 0, 7, 8, 9]
157 [9, 7, 0, 6, 6, 8]
158 [8, 7, 0, 7, 7, 7]
160 [9, 5, 0, 7, 12, 8]
161 [9, 7, 0, 7, 6, 8]
162 [5, 7, 0, 7, 6, 9]
163 [8, 7, 0, 8, 6, 10]
164 [9, 7, 0, 9, 7, 6]
165 [2, 1, 0, 2, 2, 2]
166 [8, 8, 10, 6, 6, 9]
167 [8, 5, 0, 7, 12, 7]
168 [9, 7, 0, 7, 7, 7]
169 [9, 6, 0, 7, 7, 8]
170 [10, 7, 8, 7, 7, 9]
171 [8, 6, 7, 12, 6, 9]
172 [8, 7, 0, 7, 0, 7]
173 [9, 7, 0, 7, 6, 3]
174 [9, 7, 0, 9, 7, 9]
175 [8, 7, 0, 8, 5, 7]
176 [8, 7, 0, 10, 5, 7]
179 [8, 7, 0, 3, 6, 7]
180 [5, 7, 0, 7, 6, 6]
181 [7, 5, 6, 7, 6, 8]
182 [7, 6, 0, 9, 6, 9]
183 [7, 6, 7, 4, 5, 8]
184 [7, 6, 7, 6, 6, 9]
185 [7, 6, 7, 7, 6, 9]
186 [7, 7, 0, 4, 6, 8]
187 [7, 7, 0, 4, 6, 9]
188 [7, 7, 0, 5, 5, 9]
189 [7, 7, 0, 7, 5, 9]
190 [7, 7, 0, 7, 6, 5]
191 [7, 7, 0, 7, 7, 9]
192 [7, 7, 0, 8, 7, 9]
193 [7, 7, 0, 9, 7, 9]
194 [7, 7, 8, 4, 6, 8]
195 [8, 6, 0, 7, 6, 8]
196 [8, 6, 0, 8, 6, 9]
197 [8, 6, 8, 7, 6, 8]
198 [8, 7, 0, 7, 6, 11]
199 [8, 7, 0, 8, 8, 9]
200 [8, 7, 0, 9, 6, 7]
201 [8, 7, 10, 7, 6, 9]
202 [8, 8, 0, 7, 6, 8]
203 [9, 7, 0, 5, 6, 9]
204 [9, 7, 0, 8, 7, 9]
205 [10, 5, 0, 7, 12, 7]
206 [12, 5, 0, 7, 9, 7]
207 [7, 8, 0, 7, 6, 9]
208 [7, 5, 0, 7, 6, 4]
209 [7, 7, 0, 7, 6, 4]
210 [8, 7, 8, 7, 7, 7]
211 [5, 7, 0, 7, 6, 8]
212 [8, 7, 0, 6, 7, 7]
213 [7, 7, 0, 7, 5, 3]
214 [8, 7, 0, 7, 6, 5]
216 [8, 7, 9, 6, 6, 7]
217 [8, 6, 7, 8, 6, 7]
218 [8, 6, 7, 8, 6, 5]
219 [8, 8, 0, 9, 6, 6]
220 [6, 7, 0, 7, 6, 10]
221 [6, 7, 8, 7, 6, 7]
222 [7, 6, 0, 4, 6, 8]
223 [7, 6, 7, 4, 6, 3]
224 [7, 6, 7, 4, 6, 8]
225 [7, 7, 0, 4, 5, 8]
226 [7, 7, 0, 4, 6, 7]
227 [7, 7, 0, 4, 7, 8]
228 [7, 8, 0, 7, 6, 5]
229 [8, 5, 7, 4, 6, 8]
230 [8, 6, 7, 8, 6, 8]
231 [8, 7, 0, 4, 6, 9]
232 [9, 6, 7, 9, 7, 11]
233 [9, 7, 0, 5, 6, 10]
234 [9, 7, 8, 5, 6, 10]
235 [9, 7, 8, 7, 6, 4]
236 [8, 7, 0, 7, 4, 7]
237 [8, 7, 9, 7, 6, 9]
238 [7, 6, 7, 8, 6, 9]
239 [7, 7, 0, 3, 6, 9]
240 [2, 1, 0, 3, 3, 5]
241 [8, 4, 7, 7, 6, 7]
242 [3, 7, 0, 7, 6, 7]
243 [8, 7, 0, 8, 7, 7]
244 [8, 7, 8, 8, 6, 12]
245 [8, 7, 8, 7, 6, 8]
246 [8, 6, 0, 8, 6, 5]
247 [8, 8, 0, 8, 6, 7]
248 [8, 7, 0, 4, 6, 7]
249 [8, 7, 0, 8, 6, 1]
250 [8, 7, 0, 9, 6, 9]
251 [7, 8, 0, 8, 6, 7]
252 [6, 6, 0, 7, 6, 9]
253 [10, 4, 0, 7, 14, 7]
254 [10, 5, 0, 7, 15, 8]
255 [7, 7, 0, 9, 6, 8]
256 [10, 5, 0, 7, 13, 8]
257 [2, 1, 0, 4, 7, 5]
258 [8, 7, 0, 7, 8, 7]
259 [8, 6, 7, 8, 6, 9]
260 [4, 7, 8, 7, 7, 9]
261 [2, 2, 0, 5, 3, 7]
262 [2, 2, 0, 2, 3, 5]
263 [2, 2, 0, 4, 3, 7]
264 [8, 6, 7, 6, 6, 7]
265 [8, 7, 8, 8, 6, 9]
266 [8, 7, 0, 3, 3, 7]
267 [6, 7, 0, 10, 6, 7]
268 [7, 8, 0, 7, 5, 6]
269 [7, 6, 9, 7, 6, 9]
270 [7, 6, 0, 6, 6, 10]
271 [7, 7, 0, 8, 6, 3]
272 [7, 8, 0, 7, 7, 9]
273 [7, 8, 0, 75, 6, 9]
274 [7, 8, 9, 7, 6, 9]
275 [7, 9, 0, 7, 6, 9]
276 [7, 9, 0, 7, 5, 9]
277 [8, 6, 7, 7, 6, 10]
278 [8, 7, 0, 7, 5, 8]
279 [8, 8, 0, 8, 6, 5]
280 [8, 7, 0, 6, 7, 10]
281 [8, 5, 0, 3, 7, 2]
282 [9, 7, 0, 5, 5, 9]
283 [9, 7, 0, 8, 6, 9]
285 [8, 7, 3, 8, 6, 9]
286 [8, 7, 6, 8, 6, 9]
287 [8, 7, 3, 8, 6, 8]
288 [8, 7, 0, 6, 6, 5]
289 [8, 5, 7, 7, 6, 9]
290 [8, 6, 0, 7, 6, 11]
291 [8, 5, 0, 7, 6, 11]
292 [8, 6, 8, 7, 6, 9]
293 [8, 5, 7, 7, 6, 10]
294 [7, 7, 0, 7, 5, 6]
295 [9, 5, 0, 9, 10, 3]
296 [9, 5, 0, 9, 10, 7]
297 [9, 5, 0, 10, 10, 7]
298 [9, 5, 0, 7, 11, 7]
299 [8, 5, 0, 7, 5, 2]
300 [9, 5, 0, 9, 10, 6]
301 [6, 5, 0, 9, 5, 2]
302 [7, 5, 0, 9, 4, 2]
303 [8, 11, 0, 6, 9, 7]
304 [9, 5, 0, 9, 12, 7]
305 [9, 7, 0, 9, 6, 5]
306 [9, 5, 0, 9, 11, 6]
308 [7, 7, 0, 8, 6, 6]
309 [7, 7, 0, 8, 7, 8]
310 [7, 7, 0, 7, 6, 6]
311 [8, 7, 0, 4, 6, 8]
312 [8, 7, 8, 7, 6, 6]
313 [8, 7, 8, 7, 5, 7]
314 [7, 7, 0, 4, 6, 3]
315 [7, 7, 0, 4, 7, 7]
316 [7, 10, 0, 5, 6, 8]
317 [8, 6, 7, 9, 6, 7]
318 [8, 6, 7, 5, 6, 7]
319 [8, 6, 0, 6, 6, 9]
320 [8, 6, 9, 7, 6, 7]
321 [2, 1, 7, 3, 6, 7]
322 [8, 6, 7, 7, 7, 7]
323 [2, 2, 0, 3, 3, 5]
324 [8, 6, 7, 7, 5, 7]
325 [8, 7, 0, 3, 7, 7]
326 [8, 2, 0, 7, 6, 7]
test [7 [ 7,  0,  7,  6,  9]]
